370 136.5 40 49 2 0
686 631.5 40 49 2 0
1118 401.5 40 49 2 0
956 199.5 48 59 2 0
621.5 362.5 99 121 2 0
1132 625 28 34 2 0
626 301.5 40 49 2 0
985 652 28 34 2 0
532 102.5 34 41 2 0
577 338.5 34 41 2 0
486 541.5 40 49 2 0
1044.5 228 69 84 2 1
370 136.5 40 49 2 0
686 631.5 40 49 2 0
1118 401.5 40 49 2 0
956 199.5 48 59 2 0
621.5 362.5 99 121 2 0
1132 625 28 34 2 0
626 301.5 40 49 2 0
985 652 28 34 2 0
532 102.5 34 41 2 0
577 338.5 34 41 2 0
486 541.5 40 49 2 0
1044.5 228 69 84 2 1
370 136.5 40 49 2 0
686 631.5 40 49 2 0
1118 401.5 40 49 2 0
956 199.5 48 59 2 0
621.5 362.5 99 121 2 0
1132 625 28 34 2 0
626 301.5 40 49 2 0
985 652 28 34 2 0
532 102.5 34 41 2 0
577 338.5 34 41 2 0
486 541.5 40 49 2 0
1044.5 228 69 84 2 1
370 136.5 40 49 2 0
686 631.5 40 49 2 0
1118 401.5 40 49 2 0
956 199.5 48 59 2 0
621.5 362.5 99 121 2 0
1132 625 28 34 2 0
626 301.5 40 49 2 0
985 652 28 34 2 0
532 102.5 34 41 2 0
577 338.5 34 41 2 0
486 541.5 40 49 2 0
1044.5 228 69 84 2 1
370 136.5 40 49 2 0
686 631.5 40 49 2 0
1118 401.5 40 49 2 0
956 199.5 48 59 2 0
621.5 362.5 99 121 2 0
1132 625 28 34 2 0
626 301.5 40 49 2 0
985 652 28 34 2 0
532 102.5 34 41 2 0
577 338.5 34 41 2 0
486 541.5 40 49 2 0
1044.5 228 69 84 2 1
370 136.5 40 49 2 0
686 631.5 40 49 2 0
1118 401.5 40 49 2 0
956 199.5 48 59 2 0
621.5 362.5 99 121 2 0
1132 625 28 34 2 0
626 301.5 40 49 2 0
985 652 28 34 2 0
532 102.5 34 41 2 0
577 338.5 34 41 2 0
486 541.5 40 49 2 0
1044.5 228 69 84 2 1
370 136.5 40 49 2 0
686 631.5 40 49 2 0
1118 401.5 40 49 2 0
956 199.5 48 59 2 0
621.5 362.5 99 121 2 0
1132 625 28 34 2 0
626 301.5 40 49 2 0
985 652 28 34 2 0
532 102.5 34 41 2 0
577 338.5 34 41 2 0
486 541.5 40 49 2 0
1044.5 228 69 84 2 1
370 136.5 40 49 2 0
686 631.5 40 49 2 0
1118 401.5 40 49 2 0
956 199.5 48 59 2 0
621.5 362.5 99 121 2 0
1132 625 28 34 2 0
626 301.5 40 49 2 0
985 652 28 34 2 0
532 102.5 34 41 2 0
577 338.5 34 41 2 0
486 541.5 40 49 2 0
1044.5 228 69 84 2 1
370 136.5 40 49 2 0
686 631.5 40 49 2 0
1118 401.5 40 49 2 0
956 199.5 48 59 2 0
621.5 362.5 99 121 2 0
1132 625 28 34 2 0
626 301.5 40 49 2 0
985 652 28 34 2 0
532 102.5 34 41 2 0
577 338.5 34 41 2 0
486 541.5 40 49 2 0
1044.5 228 69 84 2 1
370 136.5 40 49 2 0
686 631.5 40 49 2 0
1118 401.5 40 49 2 0
956 199.5 48 59 2 0
621.5 362.5 99 121 2 0
1132 625 28 34 2 0
626 301.5 40 49 2 0
985 652 28 34 2 0
532 102.5 34 41 2 0
577 338.5 34 41 2 0
486 541.5 40 49 2 0
1044.5 228 69 84 2 1
370 136.5 40 49 2 0
686 631.5 40 49 2 0
1118 401.5 40 49 2 0
956 199.5 48 59 2 0
621.5 362.5 99 121 2 0
1132 625 28 34 2 0
626 301.5 40 49 2 0
985 652 28 34 2 0
532 102.5 34 41 2 0
577 338.5 34 41 2 0
486 541.5 40 49 2 0
1044.5 228 69 84 2 1
