448 277.5 52 51 2 0
164 277.5 36 35 2 0
316 43.5 36 35 2 0
188 175.5 36 35 2 0
304 157.5 36 35 2 0
240 49.5 36 35 2 0
412 232.5 36 35 2 0
244 235 220 214 2 1
365 64 128 124 6 0
391 64 128 124 7 0
244 130 220 214 20 1
433.5 306.5 89 87 29 0
433.5 315.5 89 87 29 0
255.5 235.5 183 179 34 1
273.5 91.5 183 179 39 0
345.5 91.5 183 179 39 0
291.5 91.5 183 179 40 0
309.5 91.5 183 179 40 0
363.5 91.5 183 179 41 0
393.5 256.5 153 149 44 0
393.5 271.5 153 149 45 0
228.5 241.5 153 149 45 1
93.5 91.5 183 179 167 0
111.5 199.5 183 179 168 0
274 160 128 124 170 1
111.5 217.5 183 179 171 0
93.5 91.5 183 179 172 0
111.5 235.5 183 179 172 0
393.5 196.5 153 149 175 0
243.5 181.5 153 149 175 1
393.5 226.5 153 149 179 0
261 160 128 124 181 1
93.5 163.5 183 179 182 0
248 208 128 124 198 1
93.5 253.5 183 179 199 0
235 172 128 124 207 1
